4294967294,0
4294967279,58
4294967279,56
4294967279,277
4294967279,276
4294967278,377
4294967278,349
4294967279,567
4294967279,566
4294967278,376
4294967278,375
4294967279,53
4294967279,51
4294967279,50
14,10
4294967279,565
4294967278,256
4294967279,564
4294967278,374
4294967278,373
4294967279,563
4294967278,254
4294967278,252
4294967279,562
4294967278,251
4294967278,246
4294967279,47
4294967279,45
4294967279,43
4294967278,245
4294967278,243
4294967278,239
4294967279,561
4294967278,341
4294967278,233
14,9
4294967279,40
4294967279,39
4294967278,231
4294967278,229
4294967278,227
4294967278,225
14,8
4294967278,220
4294967278,223
4294967278,221
4294967278,219
4294967279,37
4294967278,217
4294967278,215
4294967278,372
4294967278,371
4294967279,560
4294967278,211
4294967279,34
4294967279,33
4294967279,31
4294967279,29
4294967279,559
4294967278,370
4294967279,558
4294967278,340
4294967279,557
4294967278,369
4294967279,556
4294967278,368
10,4
4294967279,555
4294967278,367
4294967279,554
4294967278,366
4294967279,553
4294967279,28
4294967279,27
4294967279,23
4294967279,22
4294967279,20
4294967279,17
4294967279,16
4294967279,14
4294967279,10
4294967278,365
4294967278,346
4294967278,0
4294967279,552
4294967279,538
4294967278,339
4294967278,337
4294967278,199
4294967278,338
4294967278,335
4294967294,127
4294967294,19
4294967294,919
4294967294,917
4294967294,901
4294967294,57
4294967294,61
4294967294,30
4294967294,97
4294967294,80
4294967294,36
4294967294,39
4294967294,41
4294967294,1418
4294967294,50
4294967294,416
4294967294,401
4294967294,387
4294967294,51
4294967294,81
4294967294,173
4294967294,971
4294967294,190
4294967294,907
4294967294,82
4294967294,1414
4294967294,83
4294967278,336
4294967278,333
4294967278,334
4294967294,5
4294967278,331
4294967278,332
4294967278,330
4294967294,7
4294967278,329
14,5
14,2
14,4
4294967278,132
4294967278,131
4294967278,130
4294967278,129
4294967278,128
4294967278,127
4294967278,126
4294967278,125
4294967278,124
4294967278,123
4294967278,122
4294967278,121
4294967278,120
4294967278,119
4294967278,118
4294967278,117
4294967278,116
4294967278,115
4294967278,114
4294967278,113
4294967278,112
4294967278,111
4294967278,110
4294967278,109
4294967278,108
4294967278,107
4294967278,106
4294967278,105
4294967278,104
4294967278,103
4294967278,102
4294967278,101
4294967278,100
4294967278,99
4294967278,98
4294967278,97
4294967278,96
4294967278,95
4294967278,94
4294967278,93
4294967278,92
4294967278,91
4294967278,90
4294967278,89
4294967278,87
4294967278,86
4294967278,85
4294967278,84
4294967278,83
4294967278,82
4294967278,81
4294967278,80
4294967278,79
4294967278,70
4294967278,69
4294967278,68
4294967278,67
4294967278,320
4294967278,66
4294967278,319
4294967278,65
4294967278,318
4294967278,64
4294967278,63
4294967278,317
4294967278,62
4294967278,61
4294967278,60
4294967278,59
4294967278,58
4294967278,57
4294967278,56
4294967278,55
4294967279,66
4294967279,314
4294967279,65
4294967279,62
4294967279,59
4294967279,57
4294967279,55
4294967279,54
4294967279,52
4294967279,49
4294967279,48
4294967279,46
4294967279,44
4294967279,42
4294967279,41
4294967279,38
4294967279,36
4294967279,35
4294967279,32
4294967279,30
4294967279,26
4294967279,25
4294967279,24
4294967279,21
4294967279,19
4294967279,18
4294967279,15
4294967279,13
4294967279,12
4294967279,11
4294967279,9
4294967279,8
4294967279,7
4294967279,6
4294967279,5
4294967279,4
13,4
4294967278,78
4294967278,328
15,5
4294967294,11
4294967294,966
4294967294,965
4294967294,964
4294967294,963
4294967294,962
4294967294,961
4294967294,960
4294967294,918
4294967294,916
4294967294,915
4294967294,913
4294967294,912
4294967294,911
4294967294,910
4294967294,909
4294967294,905
4294967294,903
4294967294,902
4294967294,92
4294967294,88
4294967294,896
4294967294,159
4294967294,158
4294967294,156
4294967294,60
4294967294,55
4294967294,40
4294967294,421
4294967294,388
4294967294,161
4294967294,469
4294967294,12
4294967294,185
4294967294,182
4294967294,176
4294967294,170
4294967294,967
4294967294,899
4294967294,163
4294967294,162
4294967294,968
4294967294,68
4294967278,76
4294967278,189
4294967278,77
4294967278,327
4294967278,326
4294967278,75
4294967278,325
4294967279,551
4294967278,364
4294967278,74
13,2
4294967278,73
4294967278,324
0,5
13,5
4294967278,363
4294967278,72
4294967294,17
4294967294,67
4294967294,76
4294967294,424
4294967294,43
4294967294,52
4294967294,470
4294967294,25
